mango : 2023-02-15 08:42:36.560409
Apple : 2023-02-15 08:43:06.157908
