chai : 2023-02-15 08:21:00.672309
nothing : 2023-02-15 08:22:03.241691
